1
15
18
18
21
23
25
25
28
28
28
28
28
28
31
31
31
32
32
32
32
32
32
37
37
37
37
37
37
37
37
37
37
37
37
37
37
37
37
37
37
37
37
39
39
39
39
39
39
39
39
39
39
39
44
44
45
45
45
45
45
45
45
45
45
45
45
45
48
48
48
48
48
48
48
48
48
48
48
48
48
48
48
48
48
48
48
48
48
48
48
48
48
48
48
48
48
48
52
52
52
52
56
57
57
57
59
59
59
59
59
59
59
59
59
59
59
59
59
59
59
59
59
59
59
59
59
59
59
59
63
63
63
63
65
65
65
65
65
65
65
65
65
65
65
65
65
67
67
67
4
15
15
15
15
15
23
24
24
24
26
26
28
28
28
28
28
28
28
28
28
28
28
28
28
28
28
34
34
34
36
36
36
40
40
40
42
42
42
46
46
46
46
46
46
46
46
46
46
50
50
50
50
50
50
50
50
50
50
50
50
50
50
50
50
50
50
50
52
52
52
52
52
52
52
52
52
52
52
52
52
52
52
52
52
52
52
52
52
52
52
52
52
52
52
52
52
52
52
52
52
52
52
52
52
52
52
52
52
57
57
57
57
57
57
57
57
57
57
57
57
57
57
59
59
59
59
59
59
59
59
59
59
59
59
59
59
59
59
61
61
61
61
61
61
61
63
63
63
63
1
2
2
9
11
11
11
11
11
11
17
22
26
26
26
26
27
33
33
33
33
35
35
35
35
35
35
35
37
41
41
41
41
41
41
41
41
41
41
41
41
41
41
41
41
41
41
41
43
43
43
43
46
51
51
51
51
51
51
51
51
51
51
51
51
51
51
51
51
51
51
51
51
51
51
59
59
59
59
59
59
59
59
59
59
59
59
59
59
59
59
59
59
59
59
59
59
59
59
59
59
59
59
59
59
65
65
65
65
65
65
65
65
65
65
65
65
69
69
69
74
74
74
74
74
74
74
74
74
74
74
74
74
74
74
74
74
74
74
74
74
74
74
74
74
74
74
74
74
74
3
4
11
11
11
11
22
22
22
22
22
22
22
22
22
25
29
30
30
30
30
34
40
40
40
40
40
40
41
41
41
41
41
41
41
47
47
51
51
51
51
53
53
53
53
53
54
54
54
54
54
54
56
56
58
58
58
58
58
58
58
58
58
58
58
58
58
58
58
58
58
58
58
58
58
58
58
58
58
58
58
58
58
58
58
58
58
58
58
58
58
58
58
58
62
62
62
62
62
62
64
64
64
64
64
64
64
64
64
64
64
64
64
64
64
64
64
66
66
66
66
66
66
66
66
66
66
66
66
66
66
66
66
66
66
66
66
66
66
66
68
68
68
68
68
68
68
68
68
68
14
25
25
25
25
25
25
25
29
29
29
29
29
29
29
33
37
37
37
37
38
38
38
38
38
44
44
44
44
44
44
44
44
44
44
44
44
49
49
49
49
49
49
57
57
57
57
57
57
57
57
57
57
57
57
57
57
57
57
57
57
57
57
57
57
57
57
57
57
57
57
57
57
57
57
57
57
57
57
57
57
60
60
60
60
60
60
60
60
60
60
60
60
60
60
60
60
60
60
60
60
60
60
60
60
60
60
60
60
60
60
60
60
60
60
60
60
60
60
60
60
60
60
60
60
60
60
60
60
60
60
60
60
62
62
62
62
62
62
62
62
62
62
67
67
67
67
67
67
67
