10.936981678009033
2.536825180053711
1.1952273845672607
0.7771172523498535
1.576016902923584
1.320343255996704
1.0562164783477783
1.1371190547943115
1.6072397232055664
1.1212308406829834
1.2149319648742676
1.2848963737487793
1.1809344291687012
1.3326077461242676
1.6638240814208984
1.1681175231933594
0.9372820854187012
1.4820728302001953
1.0527722835540771
1.2188165187835693
1.2870352268218994
0.7840728759765625
1.031559944152832
2.0343539714813232
0.8257114887237549
1.22318434715271
1.1147446632385254
1.071578025817871
1.120546817779541
0.7810773849487305
0.7582929134368896
1.1674129962921143
1.8582351207733154
0.957794189453125
1.1647567749023438
0.94049072265625
1.3661706447601318
0.7928886413574219
0.8454115390777588
0.7382574081420898
1.2721617221832275
0.845433235168457
1.4005253314971924
1.5560317039489746
1.2857732772827148
1.3616034984588623
1.2089729309082031
0.8552119731903076
0.8071537017822266
0.9446625709533691
1.0570108890533447
1.590637445449829
0.7710516452789307
0.7298953533172607
1.8322548866271973
1.085343837738037
1.650977373123169
0.7586915493011475
0.8117105960845947
1.169816017150879
0.9065461158752441
0.8077001571655273
0.8129329681396484
0.6476383209228516
1.058241605758667
1.515200138092041
1.4653992652893066
1.6787676811218262
2.012497663497925
0.7063114643096924
1.5853044986724854
1.0136852264404297
0.6989824771881104
1.2538344860076904
1.4159977436065674
1.4651105403900146
1.0585994720458984
1.2030174732208252
1.1714730262756348
1.2203912734985352
1.6398541927337646
1.7071294784545898
0.8334922790527344
1.2848315238952637
0.8465795516967773
0.8107342720031738
1.3390889167785645
0.9783720970153809
2.015942096710205
1.1890223026275635
1.1083168983459473
1.644731044769287
1.257636547088623
1.0823171138763428
1.3760368824005127
1.1290161609649658
1.1209030151367188
1.4917716979980469
2.4476566314697266
1.1558194160461426
0.7334556579589844
1.0078074932098389
2.26703143119812
2.2569851875305176
0.6310193538665771
1.222611665725708
1.809173822402954
1.4184074401855469
1.423875331878662
1.5860803127288818
1.1839375495910645
0.7424192428588867
1.3195843696594238
0.7894139289855957
0.8002974987030029
1.1515147686004639
1.0997254848480225
1.1264572143554688
1.228050947189331
0.6287014484405518
1.0810275077819824
1.8488812446594238
0.6579499244689941
1.0142982006072998
1.2225871086120605
2.1515796184539795
1.7627074718475342
1.7802608013153076
1.2383418083190918
1.3241825103759766
2.5205891132354736
1.1903982162475586
1.726402997970581
0.7149026393890381
2.094665765762329
0.6899867057800293
1.3493609428405762
1.2256755828857422
0.7755343914031982
1.840498685836792
0.937136173248291
0.7699482440948486
1.5124199390411377
0.8284451961517334
0.8463678359985352
0.8074154853820801
1.69423246383667
2.0176093578338623
1.5608525276184082
0.7960236072540283
1.0631036758422852
1.9674205780029297
1.0594782829284668
1.0944163799285889
0.8824994564056396
0.6497077941894531
1.8614671230316162
1.1582567691802979
1.132969856262207
0.7411532402038574
1.237839937210083
1.5707712173461914
1.5401740074157715
0.8814396858215332
1.2189786434173584
1.4824213981628418
0.641089677810669
1.6906802654266357
0.6635448932647705
0.7298660278320312
1.0255372524261475
0.8022816181182861
1.4234743118286133
1.0451173782348633
0.7636902332305908
1.0866916179656982
1.1355466842651367
1.5783066749572754
0.7332050800323486
0.6624033451080322
1.8257148265838623
1.1620874404907227
0.7901301383972168
1.921525239944458
1.1101515293121338
0.6367998123168945
1.9302129745483398
1.3071815967559814
1.2588083744049072
1.7523441314697266
1.1865553855895996
0.6811771392822266
0.7562639713287354
1.0000059604644775
1.7901358604431152
0.812856912612915
0.6447343826293945
0.8211901187896729
1.4259910583496094
1.7313382625579834
1.5466806888580322
1.0006787776947021
1.5669565200805664
0.7684140205383301
0.7288284301757812
1.572110891342163
0.7435462474822998
0.7472293376922607
1.1482207775115967
1.2732553482055664
2.136052131652832
1.1138486862182617
1.2896287441253662
1.3998064994812012
1.1170039176940918
1.5546667575836182
1.101550817489624
1.1595728397369385
2.0258753299713135
1.067870855331421
1.886531114578247
1.1629669666290283
0.873405933380127
0.8226501941680908
1.0713660717010498
1.571253776550293
1.4615094661712646
0.8646824359893799
1.1521265506744385
1.9239635467529297
1.7396204471588135
1.1740162372589111
1.6763861179351807
1.0631346702575684
1.1595890522003174
1.1686134338378906
0.7174201011657715
1.761488437652588
1.5603160858154297
0.7937459945678711
1.0923516750335693
1.1972229480743408
0.8236091136932373
1.7887804508209229
0.7252273559570312
1.2809503078460693
1.0406694412231445
2.0047383308410645
1.173633337020874
1.0032734870910645
0.7667086124420166
1.1336970329284668
0.7796347141265869
1.241682529449463
1.2817497253417969
0.7424499988555908
1.235320806503296
1.467681884765625
1.6225175857543945
1.7604682445526123
1.1561408042907715
1.7052769660949707
0.8719098567962646
1.2657051086425781
1.1177847385406494
0.7042787075042725
0.7104947566986084
1.1080379486083984
0.7113404273986816
1.0935301780700684
1.0064923763275146
1.0498828887939453
0.7437396049499512
1.890775203704834
1.0611436367034912
0.6910054683685303
1.5566856861114502
0.9287259578704834
0.7368488311767578
0.6691317558288574
1.801029920578003
1.127903938293457
1.223970651626587
1.39603853225708
2.6560475826263428
1.1780815124511719
1.1551244258880615
1.1692636013031006
0.7225284576416016
2.1138269901275635
1.0904178619384766
0.818575382232666
0.6922030448913574
0.7177205085754395
0.960637092590332
1.1287171840667725
2.1254994869232178
1.3471903800964355
1.126227617263794
1.406052589416504
0.7316055297851562
0.8000829219818115
0.8030612468719482
1.745676040649414
1.2396056652069092
1.22739839553833
1.2013764381408691
1.2756609916687012
1.0811684131622314
0.8341052532196045
1.5571706295013428
2.0388343334198
1.5833990573883057
0.7277302742004395
1.0534427165985107
1.2111027240753174
0.9979591369628906
2.1389167308807373
1.0530376434326172
1.1235556602478027
0.8495814800262451
1.4923779964447021
1.1662230491638184
1.1267423629760742
1.200348138809204
1.7153654098510742
1.3485233783721924
1.684424877166748
2.2700157165527344
2.8526148796081543
1.1665685176849365
1.1905155181884766
0.5996336936950684
0.6483509540557861
0.6632757186889648
1.0514442920684814
1.4928069114685059
1.5640771389007568
0.6773502826690674
0.7315952777862549
1.12760591506958
1.4272875785827637
1.743910551071167
0.8962090015411377
1.3925650119781494
0.812384843826294
1.6899254322052002
1.4347319602966309
1.5674805641174316
1.1725270748138428
1.7413020133972168
1.4542560577392578
1.8447980880737305
2.1339941024780273
0.83656907081604
1.5110116004943848
1.293431282043457
0.8301148414611816
1.386159896850586
0.7543613910675049
1.1868445873260498
1.3085741996765137
1.2015082836151123
0.7479948997497559
0.9540019035339355
0.9459447860717773
0.7290287017822266
0.9978232383728027
0.7601964473724365
1.076399326324463
2.1232402324676514
1.4695115089416504
1.2421011924743652
1.0942625999450684
1.1781747341156006
2.6051082611083984
1.6403372287750244
1.3662352561950684
2.194020986557007
1.1832973957061768
2.057283639907837
1.16556715965271
0.7420694828033447
1.6651065349578857
0.8187620639801025
1.1514759063720703
1.5095698833465576
1.0734617710113525
1.1341667175292969
1.1793272495269775
1.5166478157043457
1.5970408916473389
6.156627416610718
50.04532551765442
12.582452058792114
1.0582928657531738
0.7407989501953125
0.9664731025695801
1.7488346099853516
1.080092191696167
1.0863776206970215
0.9834320545196533
0.7711188793182373
1.3644373416900635
0.9943795204162598
2.02168345451355
1.575990915298462
1.9351410865783691
1.6333599090576172
1.1465730667114258
0.8050460815429688
0.7417056560516357
2.033503532409668
1.223886251449585
1.3145358562469482
0.8368964195251465
0.8000752925872803
2.1014866828918457
1.0999224185943604
1.2836449146270752
2.5557663440704346
1.0814752578735352
1.0081090927124023
2.000506639480591
1.7000093460083008
1.0739963054656982
0.8811476230621338
1.552595615386963
0.6666324138641357
2.1961586475372314
1.067847490310669
0.7670021057128906
1.1427531242370605
1.2644188404083252
1.3117303848266602
1.1893329620361328
1.5383853912353516
0.8269810676574707
0.8003990650177002
0.8206679821014404
1.1271510124206543
0.7181482315063477
0.8882670402526855
0.8080224990844727
1.0280001163482666
1.3698904514312744
1.139601230621338
2.0012967586517334
0.8316812515258789
0.7241170406341553
1.163757562637329
0.8116779327392578
1.3474316596984863
0.7771592140197754
0.7308640480041504
1.2599921226501465
1.941911220550537
1.1162793636322021
1.1422953605651855
1.3407564163208008
1.1340668201446533
1.0524876117706299
0.8155031204223633
2.103099822998047
1.1773357391357422
2.062307834625244
2.111406087875366
1.5635960102081299
0.735546350479126
1.2666020393371582
1.1451849937438965
1.4462926387786865
2.162661075592041
1.5840961933135986
1.605644702911377
1.2747561931610107
0.8842389583587646
0.7280094623565674
1.597334384918213
1.113748550415039
0.7083587646484375
1.1869592666625977
1.098759651184082
0.8005192279815674
2.2143032550811768
2.4142837524414062
1.6272821426391602
2.117699146270752
1.137037992477417
0.6567349433898926
0.7443571090698242
1.3541841506958008
0.71905517578125
0.7686192989349365
0.6117713451385498
1.3495306968688965
1.1693832874298096
2.296295404434204
0.9341366291046143
0.7573013305664062
0.9577627182006836
0.9627673625946045
1.296764850616455
0.7745797634124756
1.5774908065795898
1.0457961559295654
1.2301795482635498
0.8179941177368164
1.1790637969970703
1.282867670059204
1.539069414138794
1.8400850296020508
0.7087399959564209
0.7510600090026855
0.7227818965911865
1.1366970539093018
0.7351927757263184
1.5877974033355713
1.1304481029510498
0.6703357696533203
1.4680368900299072
0.7187082767486572
0.7850184440612793
1.1707501411437988
1.2382359504699707
1.7526612281799316
1.274073600769043
1.1819944381713867
1.0958914756774902
1.5941009521484375
0.745246171951294
1.0063331127166748
0.7700192928314209
1.5679824352264404
0.6617491245269775
1.2923049926757812
1.1332306861877441
0.728020429611206
1.6888914108276367
1.140465497970581
1.0871763229370117
0.7480013370513916
1.367201328277588
1.3031973838806152
2.0717954635620117
1.5900747776031494
1.1988041400909424
0.8860063552856445
1.0480821132659912
1.3948144912719727
1.7234952449798584
0.7691717147827148
1.2839105129241943
1.1255676746368408
1.4413235187530518
1.213315725326538
1.1388587951660156
1.2929937839508057
1.7728965282440186
1.76637864112854
0.831345796585083
1.1280767917633057
1.9848175048828125
0.7463939189910889
1.1213583946228027
0.8129568099975586
1.1737611293792725
1.384141206741333
1.346358299255371
1.096992015838623
0.7506082057952881
1.1149780750274658
1.5582129955291748
1.0664803981781006
1.1635825634002686
1.6871180534362793
1.8890018463134766
1.388347864151001
0.7291398048400879
1.0289697647094727
0.7835946083068848
0.7336351871490479
1.8875579833984375
1.7818667888641357
1.1076745986938477
1.1380610466003418
1.3169567584991455
1.2211804389953613
1.889906644821167
0.8496735095977783
2.0814149379730225
0.8318831920623779
1.1260316371917725
1.1259675025939941
0.7823374271392822
1.1627309322357178
1.5920634269714355
1.8549954891204834
0.8431775569915771
0.7742061614990234
2.332765579223633
1.9814133644104004
1.4149839878082275
1.2175309658050537
1.1305813789367676
40.75677227973938
20.075374603271484
1.642927885055542
2.3223628997802734
1.1859607696533203
1.3412730693817139
1.657956600189209
0.8855631351470947
1.5036520957946777
1.2230207920074463
2.4456329345703125
1.9411916732788086
34.874701261520386
26.424893856048584
0.8637714385986328
2.0685861110687256
1.5628793239593506
0.8381085395812988
2.078605890274048
1.4610743522644043
30.644192218780518
34.536505699157715
23.658978939056396
5.870858669281006
1.3358268737792969
0.9945123195648193
1.4105002880096436
0.8927261829376221
0.9946897029876709
1.277723789215088
19.357288599014282
27.73795461654663
53.934025287628174
50.25010824203491
31.767451763153076
28.53379225730896
19.76138210296631
33.68763494491577
3.588810682296753
1.1574130058288574
0.6552910804748535
1.1078693866729736
1.0563502311706543
0.8716564178466797
1.374082088470459
1.2921199798583984
1.6575596332550049
1.0016016960144043
1.312448501586914
1.680037260055542
1.111891508102417
1.18251633644104
0.6595630645751953
1.2385826110839844
0.686145544052124
0.7272799015045166
1.0672903060913086
0.982532262802124
1.3958275318145752
0.7554116249084473
1.1398496627807617
1.0112810134887695
1.841202735900879
1.4519813060760498
0.9677777290344238
0.895684003829956
1.8572568893432617
0.9235563278198242
0.8268299102783203
43.23123335838318
