2
15
15
15
15
39
48
48
48
48
48
48
48
48
48
48
48
48
48
49
59
66
66
66
66
66
66
66
66
66
66
66
66
70
75
75
75
75
75
75
75
77
77
77
77
77
77
77
77
77
77
77
77
77
77
77
85
85
85
85
85
96
96
96
96
96
96
107
107
107
107
107
107
111
111
112
112
112
112
112
112
112
112
112
113
113
113
113
113
113
113
113
113
113
113
113
113
126
126
127
127
127
127
127
127
127
127
127
127
127
127
127
127
127
127
127
127
127
127
127
127
127
131
131
131
131
131
131
131
141
141
141
141
142
142
142
142
142
142
154
154
154
162
162
162
162
162
162
162
162
2
42
42
42
43
60
60
60
61
61
72
72
72
72
74
88
89
89
89
89
97
101
109
109
109
109
109
109
109
117
117
117
117
117
117
123
123
123
125
125
126
126
126
126
126
126
126
129
129
129
129
129
129
129
129
129
129
129
129
129
129
129
129
129
129
129
129
129
129
129
129
129
129
129
129
129
129
129
129
129
129
130
132
132
132
132
136
136
136
136
136
136
136
136
136
136
136
136
144
144
144
144
144
150
150
150
150
150
150
150
150
150
150
150
150
150
150
150
150
150
150
150
150
150
150
150
150
150
150
150
150
150
150
150
150
150
150
150
150
150
150
150
150
150
151
151
151
151
151
151
2
3
34
35
35
41
49
49
49
50
55
57
57
71
72
72
72
72
72
81
81
81
82
82
82
85
85
85
85
85
85
85
85
85
85
85
85
85
95
95
95
95
98
99
99
99
99
99
99
99
99
99
99
99
103
103
103
103
103
103
103
103
103
103
103
105
105
105
105
105
105
105
105
105
105
105
105
105
105
105
105
105
105
105
105
105
105
111
111
111
111
111
111
111
111
111
111
111
111
111
119
119
120
120
120
120
136
136
136
136
136
136
136
136
138
139
147
147
147
147
147
147
147
147
147
147
147
147
147
151
151
151
151
151
151
151
151
151
151
151
151
151
151
151
151
151
151
151
151
151
13
15
15
15
16
19
20
20
20
20
20
20
20
22
26
26
41
41
53
53
53
53
80
84
84
84
84
84
84
84
84
84
84
84
84
84
84
84
84
85
86
86
86
88
88
99
99
99
102
102
109
109
109
109
109
109
109
109
115
116
116
116
116
116
116
116
125
125
125
125
125
125
125
125
125
129
129
129
129
129
129
129
129
129
129
133
133
133
135
135
135
135
135
135
135
135
135
135
135
135
135
135
135
135
135
135
143
143
143
153
153
153
153
153
153
153
153
153
160
160
160
160
160
160
160
160
160
160
160
160
160
160
160
164
164
164
164
164
164
164
164
165
165
165
165
165
165
165
165
165
2
32
32
32
43
44
44
62
62
63
63
81
95
95
95
105
105
105
105
105
105
105
105
109
109
114
126
126
126
126
126
126
126
126
126
126
132
132
132
132
132
132
132
132
137
138
138
138
138
138
139
139
139
139
139
139
139
140
140
140
140
140
142
142
149
150
150
150
150
150
150
150
150
150
150
150
150
150
150
150
150
150
150
150
150
150
150
161
161
161
161
161
161
161
161
161
164
164
164
164
164
164
164
164
164
164
170
170
173
173
173
173
173
173
173
173
173
173
173
173
173
173
173
173
173
173
173
173
173
173
178
178
178
178
180
180
180
180
180
180
180
180
180
180
180
180
180
180
180
180
