0.4929060935974121
1.5485942363739014
1.465343952178955
0.4818568229675293
0.48925328254699707
1.94675874710083
1.6619524955749512
1.1109557151794434
0.44247961044311523
0.9363219738006592
0.49956703186035156
2.6984751224517822
5.967025518417358
1.6412420272827148
0.45560526847839355
0.4430861473083496
1.8434102535247803
1.5800282955169678
1.1295814514160156
0.45955586433410645
0.9002704620361328
0.44646668434143066
1.3656914234161377
0.4450693130493164
2.0374627113342285
0.5194320678710938
0.47411108016967773
0.5718798637390137
0.5217351913452148
1.6266827583312988
1.3751819133758545
1.7757835388183594
1.8503057956695557
0.8310801982879639
0.5358848571777344
0.7874994277954102
0.5270774364471436
1.8329908847808838
1.3531217575073242
0.6504018306732178
0.7992606163024902
0.5309805870056152
0.680551290512085
0.7309000492095947
2.0146450996398926
1.8503289222717285
1.4324367046356201
0.7769453525543213
0.5257387161254883
0.5474722385406494
0.5201215744018555
0.7548089027404785
1.5657880306243896
0.7728683948516846
0.5762488842010498
0.5097916126251221
0.8622751235961914
2.0036368370056152
0.517796516418457
0.5335273742675781
0.5251471996307373
0.8046875
0.6121087074279785
1.0848186016082764
0.5374305248260498
0.7328214645385742
2.0915298461914062
2.723646402359009
0.5282790660858154
0.8266956806182861
1.4849536418914795
0.5615139007568359
2.5716545581817627
0.6450152397155762
1.608403205871582
2.1444272994995117
0.5304558277130127
0.528813362121582
2.2838845252990723
0.4952263832092285
2.3955769538879395
1.9207534790039062
1.1477551460266113
0.5053434371948242
2.1810758113861084
0.4888308048248291
2.64176082611084
0.4853973388671875
2.2591755390167236
2.2410457134246826
0.49089550971984863
1.5346863269805908
0.4922201633453369
1.8267419338226318
0.5068118572235107
1.5212771892547607
0.4924755096435547
0.499769926071167
1.300741195678711
1.0178773403167725
2.1916422843933105
0.7808642387390137
1.5369985103607178
0.49825358390808105
0.5030784606933594
0.48806071281433105
1.5796184539794922
0.4999690055847168
2.9635283946990967
0.4937620162963867
1.544196367263794
1.4413561820983887
0.8542530536651611
0.5259206295013428
2.995450973510742
1.563347578048706
0.4977843761444092
0.7322092056274414
0.49480605125427246
2.5737082958221436
2.1570422649383545
0.4980964660644531
0.5197901725769043
1.2310693264007568
0.49105095863342285
0.7620790004730225
1.1863071918487549
0.5199041366577148
0.47167229652404785
1.534733533859253
0.507821798324585
1.904378890991211
2.179610013961792
3.3915255069732666
1.9632184505462646
1.9236276149749756
0.4820840358734131
2.5048210620880127
0.5194447040557861
2.2515170574188232
3.026784896850586
3.007899045944214
1.0421373844146729
1.8158576488494873
2.3763315677642822
2.107969284057617
0.605093240737915
1.072610855102539
2.1315131187438965
2.204237222671509
3.3250539302825928
0.7222504615783691
2.0366733074188232
2.8925435543060303
2.1045241355895996
1.2981696128845215
0.529555082321167
1.1231894493103027
0.5415060520172119
1.88515305519104
0.48919248580932617
0.4956023693084717
3.2087299823760986
0.6540606021881104
0.6439270973205566
0.7838435173034668
2.168013095855713
1.3810176849365234
0.5682418346405029
0.7762587070465088
1.1817712783813477
5.386240005493164
1.6649446487426758
2.443570137023926
0.4986231327056885
1.4240305423736572
2.323937177658081
1.5226075649261475
0.5514125823974609
0.5622594356536865
0.8640902042388916
2.764097213745117
1.8564791679382324
2.0898215770721436
1.1489617824554443
0.5458865165710449
0.5344102382659912
0.9053187370300293
1.1421115398406982
1.043365478515625
3.1165733337402344
1.0746634006500244
0.49322009086608887
0.512178897857666
0.6344060897827148
1.101285696029663
1.987015724182129
0.5267271995544434
1.5523760318756104
1.6089375019073486
0.5083920955657959
1.956709861755371
0.6904010772705078
1.2467424869537354
1.612030267715454
0.4789714813232422
0.5264217853546143
1.7762572765350342
2.4014363288879395
0.6063101291656494
0.5418975353240967
1.632021427154541
1.6396980285644531
0.7939903736114502
0.7818009853363037
0.5151078701019287
0.49199938774108887
0.525869607925415
0.49663424491882324
1.601919174194336
2.3433845043182373
1.3409597873687744
0.5371768474578857
0.775409460067749
0.5041697025299072
0.4781827926635742
1.317361831665039
1.6259551048278809
0.4907810688018799
0.48764848709106445
1.5858964920043945
0.7513489723205566
0.5000228881835938
0.5343422889709473
0.7588086128234863
1.5556857585906982
0.7714824676513672
1.261488914489746
0.4966094493865967
1.9044086933135986
1.0611920356750488
2.088175058364868
2.177905321121216
1.990858793258667
0.49046874046325684
0.4856393337249756
0.49022483825683594
1.8661351203918457
0.4959700107574463
1.3011095523834229
1.383720874786377
1.0593867301940918
1.4897184371948242
1.6432445049285889
2.776174545288086
0.5133521556854248
0.771183967590332
0.5352210998535156
0.507591724395752
2.8121440410614014
1.5911319255828857
0.5214061737060547
0.47772693634033203
0.7946481704711914
2.272972345352173
1.8463811874389648
0.4874765872955322
1.5824310779571533
0.4901089668273926
2.1119019985198975
1.530780553817749
0.49286699295043945
1.8533618450164795
1.5575988292694092
0.5011117458343506
2.2410171031951904
1.0180065631866455
2.064000129699707
0.5524828433990479
0.465437650680542
0.4777364730834961
0.49138617515563965
0.9934060573577881
0.5417289733886719
0.5760848522186279
0.9969239234924316
0.6652538776397705
0.6946873664855957
1.4240028858184814
2.1045029163360596
1.0420386791229248
0.6486532688140869
2.2489023208618164
0.772425651550293
2.516746997833252
0.622351884841919
0.4826853275299072
0.767045259475708
0.47754669189453125
0.4726388454437256
0.4995701313018799
2.5072121620178223
0.49462127685546875
0.47243762016296387
2.1936471462249756
2.2968854904174805
0.5273540019989014
0.471449613571167
0.7469148635864258
2.3186488151550293
0.4778778553009033
0.4975874423980713
0.4736769199371338
2.109074831008911
0.7316117286682129
0.4629232883453369
1.4829556941986084
1.8976149559020996
0.5881612300872803
0.7448379993438721
1.627650499343872
1.512415885925293
1.3634541034698486
0.5077626705169678
2.2285008430480957
1.6856424808502197
1.3161559104919434
0.4717130661010742
0.6140162944793701
0.582435131072998
2.489905834197998
1.0038490295410156
1.5364420413970947
2.033292770385742
1.1429851055145264
0.7645368576049805
2.576740264892578
2.785761594772339
1.0871706008911133
0.925806999206543
1.1303699016571045
1.7120213508605957
1.2432310581207275
0.5079545974731445
0.564521312713623
0.5906453132629395
0.637852668762207
1.7185492515563965
0.5040411949157715
2.0159053802490234
0.4980182647705078
0.7691879272460938
1.4980857372283936
1.843433141708374
1.3099257946014404
0.7280704975128174
0.7356357574462891
1.2047207355499268
0.4769866466522217
1.2743198871612549
0.4647059440612793
1.0106782913208008
0.5055809020996094
0.5248823165893555
1.6056063175201416
2.1251614093780518
0.4829237461090088
1.3574323654174805
0.7360939979553223
0.49669361114501953
0.4666316509246826
0.5385634899139404
0.46648311614990234
0.49123668670654297
0.4746716022491455
1.0390784740447998
2.0371341705322266
0.4919247627258301
0.48347949981689453
0.4777700901031494
0.501000165939331
0.5090954303741455
0.5472097396850586
1.0360195636749268
0.4958915710449219
0.46982431411743164
1.5435800552368164
0.47078394889831543
0.5163295269012451
0.4784228801727295
0.47398877143859863
1.7454195022583008
1.534865379333496
0.557645320892334
0.6104342937469482
1.2674009799957275
0.4909951686859131
0.5303096771240234
2.7879350185394287
1.30656099319458
0.5637195110321045
1.4212265014648438
0.6501078605651855
0.637366771697998
1.70827317237854
0.6203336715698242
2.4215738773345947
0.4798882007598877
1.5345587730407715
0.9734780788421631
0.49414634704589844
2.2118310928344727
0.8664801120758057
2.2629554271698
0.900705099105835
1.2816288471221924
1.5676515102386475
2.5104551315307617
0.5266268253326416
0.7142739295959473
0.47128844261169434
2.1316072940826416
1.2386665344238281
0.5040194988250732
0.5003185272216797
2.037290096282959
2.5404343605041504
2.9769744873046875
1.0183334350585938
1.6077735424041748
0.7628324031829834
1.8002336025238037
1.4994468688964844
1.676027774810791
0.5172383785247803
1.279466152191162
1.8628954887390137
0.4742293357849121
1.902451992034912
1.8422107696533203
2.3045337200164795
0.686159610748291
1.0001764297485352
2.4153521060943604
0.9257066249847412
0.5674240589141846
0.5142066478729248
0.6262016296386719
0.5984265804290771
1.3727800846099854
0.9525794982910156
1.3923287391662598
0.7129952907562256
0.6628832817077637
0.5865738391876221
2.0004076957702637
0.7655401229858398
0.5535757541656494
0.48517727851867676
0.767073392868042
0.8425872325897217
1.3102118968963623
1.5046625137329102
0.662553071975708
0.6228671073913574
0.9728727340698242
1.0808892250061035
0.8389322757720947
0.5060925483703613
0.4792609214782715
0.5151348114013672
0.46682310104370117
0.45453572273254395
0.4728727340698242
1.2389521598815918
1.591550588607788
0.5249598026275635
2.3651552200317383
0.7206120491027832
2.9233298301696777
0.9160416126251221
0.7348387241363525
0.7807238101959229
2.994976282119751
1.9969277381896973
0.5618484020233154
0.47497129440307617
0.9106571674346924
0.7308921813964844
0.6783113479614258
0.7353155612945557
0.6514990329742432
2.0091559886932373
3.0094709396362305
0.8430886268615723
2.69016170501709
0.9996986389160156
3.102250099182129
1.0993263721466064
1.5184578895568848
3.0394294261932373
2.985849142074585
0.7838551998138428
0.5205020904541016
2.309860944747925
1.0528125762939453
3.1880152225494385
0.723405122756958
0.6274533271789551
2.27577543258667
2.4480912685394287
2.7325758934020996
0.48847079277038574
0.9527490139007568
1.0492289066314697
0.9792635440826416
0.7736499309539795
1.103330373764038
0.5426068305969238
2.323718786239624
1.9040253162384033
2.0609872341156006
0.9629788398742676
1.3728258609771729
0.4742441177368164
0.48489809036254883
1.7657437324523926
2.739901542663574
1.3458287715911865
0.6261434555053711
1.235053539276123
2.420117139816284
0.9466824531555176
0.8671767711639404
2.35036563873291
0.7614002227783203
3.381380796432495
0.8591916561126709
1.1097216606140137
1.8571887016296387
0.7375609874725342
0.6341168880462646
0.6301743984222412
0.47138333320617676
3.1825616359710693
1.9851078987121582
3.5390872955322266
0.6532824039459229
1.5931873321533203
2.3089261054992676
0.9842967987060547
0.637432336807251
0.4775989055633545
2.6746582984924316
1.571988582611084
0.6110284328460693
0.6194641590118408
0.7347173690795898
0.9204652309417725
0.7438650131225586
0.7151718139648438
0.6152248382568359
2.298347234725952
0.6904947757720947
0.7447268962860107
0.6891078948974609
2.7529873847961426
3.611370801925659
0.5783159732818604
2.4390923976898193
3.5498485565185547
1.0349175930023193
2.053758382797241
0.7494168281555176
1.086409091949463
0.9172589778900146
2.5146842002868652
0.7166886329650879
1.4995677471160889
2.8490517139434814
1.3670051097869873
0.4624166488647461
0.4602053165435791
1.0384297370910645
0.7234361171722412
1.0968859195709229
0.6462423801422119
3.6611948013305664
1.521803855895996
0.7508442401885986
0.7764413356781006
0.5435488224029541
0.5098552703857422
0.6011521816253662
2.460514783859253
2.9127955436706543
1.7430384159088135
1.643554449081421
0.7663555145263672
2.0113589763641357
0.9846367835998535
1.2862327098846436
3.0088329315185547
0.72218918800354
0.5518875122070312
3.7322161197662354
0.6264550685882568
2.3110172748565674
2.369089126586914
0.7593069076538086
3.014026641845703
0.8096363544464111
2.762202739715576
0.7047305107116699
0.76845383644104
2.442843198776245
0.7906897068023682
0.4678826332092285
2.9230618476867676
0.8855345249176025
1.2366454601287842
0.5902359485626221
3.440816640853882
2.8691775798797607
0.7092890739440918
1.8231065273284912
3.3046865463256836
0.6673505306243896
0.6138262748718262
0.555300235748291
0.5464589595794678
1.3707525730133057
0.789785623550415
0.6184029579162598
1.9928197860717773
0.48369717597961426
2.478156566619873
2.8914952278137207
0.5578784942626953
0.5083029270172119
0.5350651741027832
0.5423345565795898
0.5126426219940186
0.6102454662322998
0.8371059894561768
0.8821759223937988
0.8590502738952637
2.5887718200683594
0.5160036087036133
0.5278809070587158
0.46680283546447754
0.47078895568847656
0.5027675628662109
1.4735076427459717
0.7052202224731445
3.5410988330841064
2.9392879009246826
1.5892696380615234
0.5841882228851318
0.5101335048675537
0.49190664291381836
2.830775499343872
0.5165784358978271
0.5333247184753418
0.7694575786590576
2.1626479625701904
0.7827973365783691
0.4814906120300293
2.3358569145202637
3.3034582138061523
1.9865493774414062
1.2625484466552734
1.0262961387634277
1.664980411529541
0.4730722904205322
3.3384149074554443
2.3484811782836914
0.5015931129455566
0.47181129455566406
0.9963231086730957
0.5119678974151611
0.49199843406677246
3.3732690811157227
0.7829594612121582
1.0598177909851074
0.534536600112915
0.49428582191467285
0.5400667190551758
2.0992934703826904
0.5723609924316406
0.5008692741394043
0.4842996597290039
0.5057425498962402
0.48312830924987793
1.2983136177062988
0.4938929080963135
0.817345380783081
0.7219991683959961
3.3978495597839355
0.48970842361450195
0.48749256134033203
1.3290488719940186
1.730607509613037
0.4899940490722656
1.564673900604248
0.7077362537384033
0.7103006839752197
2.6979007720947266
1.5854315757751465
0.7531068325042725
2.634324312210083
2.0984840393066406
1.2244226932525635
1.0700666904449463
1.3907983303070068
0.9659416675567627
0.7359275817871094
2.678490400314331
2.2235755920410156
1.5034754276275635
0.7801125049591064
0.46998047828674316
1.2965672016143799
1.7431223392486572
0.47171449661254883
1.3837580680847168
2.9117095470428467
0.5270652770996094
1.3685855865478516
0.5628602504730225
2.2237162590026855
0.48262786865234375
0.4829742908477783
0.5146095752716064
0.48745155334472656
0.5471668243408203
2.4234306812286377
0.5713424682617188
0.7727475166320801
0.5816504955291748
0.5316662788391113
3.0112807750701904
1.62571120262146
3.121267557144165
1.6038072109222412
1.8039276599884033
0.4737966060638428
1.5334117412567139
0.4772500991821289
0.4774608612060547
1.0132970809936523
2.0821075439453125
0.47655749320983887
0.4913065433502197
0.48644304275512695
0.7601902484893799
0.5885541439056396
0.5147950649261475
0.7724614143371582
2.922959089279175
0.48771238327026367
